(873277210569562400201263018916233746950515079921817436798408, 297539067114508586833131963968742939093485470198185830752207)
(908843622695646478077585381722805365109906034018717453205077, 1394892795579800071087471512530653999323329009227657322362307)
(801232735424855031712044261665966468915673518260298325717660, 1486637522365464312942968721465250218777380862428865480533541)
(896990463947639526434289875375902810356416488001701616094515, 793376402228964935279747218443229233219444484205451522492827)
(223072606433661316025459169709127428424340272525820544077739, 426805421346969032877715919743739580031434814527271182519150)
(782285524574081278154304385535829964756497412278020938554742, 847731762630464409448488619560724321360723533577309073751680)
(1474372427132365158090845744078252114926260030204537151861793, 924835887249312861541362181621916407872303152902014916498952)
(1455827549580609961708377960668381897993671202751001887893237, 1309235998205387871847276936617204557826372291044284511518319)
(1272728459317537324178297914503882340899287117675329392258742, 470040285553621011690383378184316747677219230523519081902146)
(248861358366033926534154456040481232515539098734974033210996, 822141442724037663508810456265669256730113558004578176622978)
